$ANSIBLE_VAULT;1.1;AES256
63333037313961653038313666363532316633653664336338333033336530363463653463386235
6339633939313031303034313164343236396638323765620a393932653237316535383736353533
63363735636636396133653164656631646339626532353636333864396638303661663862353739
3561336235313139340a343165613961383066373061616132376664623232323431623338336261
62653330663031643536306364316238616539623661373235326132333332666336353230613465
62383131623433616634613432323765636632396561653632366236656266653931663438313764
65353536623131336562353930383237393431643133316335643532336339643430396438663738
63383139636565383863323438666263613938363836666237396330346135346662616234386562
34323164383832303039663961376130383862313262616138343864663665373964366532363937
39363036336531333037383462333139656138626231653663303338616465343236623230653365
34353230633838303430326531373331633837346364396162313939366430623761366332343361
38303935386263616533353932643039393136313066326166613564383339383534663166303335
37326264333063346133613337303334666336353739393437353931663761623138633831613436
35326331633936343066373432643361316262383230366166656338396438623538383932633161
39346338393132353634383361393233663532323337663836346662646135666534373330643639
34333039333934386161316638393866656464626265643030383436353238373862323566313237
39393836633331373936346635633731383762356565663265363736623061643930333765316462
31663033303364343032343864343835613561346161333037343666636636346236333964396262
63666433393265353033313739353638303732346439663233303734643434646161656463376437
31353339616462363737616139616465313563663634653166663463653233636135396561616331
32613130346432396161356138366266323165316464386637323935663333633335643632646462
30616239666130646562396532346131356630636465666232346630303661333962313333623133
33353733356361366234626662313064323962373037613461333461616164306539646463393633
32663663373332393033366362616637376162333764333263306530656364383639623331333162
39353731636136666537306264366337393461346630313365373461656231303036386439333861
66633165623830643233613833313963323638666530333834326461636233393662323436366666
33383733326236396633366265366564633539626530373661653163356531356466356135616333
37376130613461633934396461376131323061376631323435613332326132343835313463623366
36366664636662626662653933653363393138626438396637626434306666346665656336393434
30323937376339316230323463366264346136386562303164636138346434383564643035343835
34663065386430623466353239623032656134626534643362353762383633613834626563633332
32663536333162633564633239616538393033636531393964613863316361326338353437306430
35656365323264653265623938356638376632343966643234616463313131343531613533633365
31636238306266363531613861396635333063636663613934666238376339323134346535616330
65363332646131303935356237383765626530343039336462386639663039313061393332636634
38353131353038623735653262613033326433663634316663346435656466396137333234663531
61363533363664316665613134393863383966633231303832376437356230383631643232373132
39333361353963376530343564336166373431316339623763373439393738393730323931636133
36316635313035623363303362333639326633363931383937386431313466383066373966363863
62316631373734383966336562363165633333366135373532663661383561376363366565646465
62666631623766666361366466326564303833666432393462633739636166383037363539306436
31343737633764643230326633373034383330326361653565363135626135663835356435636665
30376466633262633733366266636539316562613039396161343763333933346363343364613036
64363733383266346538633238303830336161323238633034383937663139386537383661656264
30366166306230393431666461636439643364613761316363306461353138343636356639616232
37303830636236333962643335346265316537633566633632343535303261353161643862363730
38336661653731653961613235636463343563646230343362333265353137626261386162653336
64383266383632363732613437616634363264373065366539343266656433376261396462626362
63373530306261623039643337643236666334346630343836396263336563666361373932663535
36653532623238613632633332333836616566363430613033646435653466303531323036633937
39653239316633636534613364663332396361353766356164333737386439636236363131306434
65643262303665363962363535623633343531643139656530643130613137376434346165363463
63306561393537633032383762353464663931373433653665323664306331386163336439343261
30306461396362333036343636356631393036653063666137306430343865333732353365623630
33376461343832653563393061623762356232626264623463646566343966366230366264336538
30313531623165373266386661363638366562663734373332373930666335393635396562626130
30323934613939623635363032666565326538303039393537653436646161313936366162663634
63663735623235623739336564316236313239633335663665353065313165313830643337316139
33396638303962363533363565346362323136646565386238626665636438316635366633353961
33663663386431346539623861633837373837373532353665316464663936313537323061313733
36633861633730633336363936666533376462653836383039396661353461333433353865366161
32323664336531396231613330353232323936626432663666393732363038643665383366373336
31666438313232316363313966356661333435306639613961616535363166373130356436643364
61653966656335366430323166393265613363356434306462346537643931666239663135626261
35663438613066313834356636616132383538613836656433613132323039353939356538613233
31626533366132303665653532333661303861326138633765343263336165643166663333303534
39616365656435656339316366643435383538336637383436373734376231323330323966316631
34333036373131346233346433633732326362363335633861656630613062346338343666313536
66376538373530303937663430313132633166613962653462313064333363663562663634653338
36656530326332623435386435313164663562333065633866373936326233323031363861393037
64383663623339333964316531666165613834386561313431666231353739633735366130633666
66313533333565623964333961613666393566633365343565666463343661613234323030313438
34626637346261663336316433646237316262316133366237616431313636373035653466666363
32623536366134343662303461306332666266373439346133633036343133313261623835623735
39316461306562356437633366306336636537313761383065383965346233383230323962653833
33333137663331633933356638396363353338313732383631386331353930313239633361633362
32393736316165386335333037653139313564333862393439656533376133393965663662326662
66386438376339613735396638666539323461623263656636646361343938313831316233316634
61396238363162373865616137326234626564626332646337373061303431633236366564626633
30613833323138346664373332663238366135623738313961663166346239396565333664633466
62666330363663343430633665663464653533626433636164353065323838646461323162623063
66376632356237366561646331316535613864336165613861623538646665386130613964306462
30616539633263363839656432636566313331623139323637323637636566633933663566323934
61623638373036623131366639623835613337306634396632663265353061373062623961636666
31393039333633643066326134313133663161656262313037353063386437623430373462333561
65306634643933613530643430663635356339323361656535633766336430333736336161393333
37633966333138383136316561343033383230373836303636373831663338346639346162613831
31303538346239306332
